[480756, 480757, 481599, 481598, 480615, 481597] - 0.008266666666666667
[651722, 651721, 412792, 651720, 651719, 651718, 651731, 651732, 651733, 651734] - 0.0008125000000000001
[512062, 512063, 512064] - 8.750000000000001e-05
[211730, 211729] - 0.002
[142053, 142052, 159652, 159651, 159650, 136906, 159649, 159648] - 0.0072
[62815, 62816, 62817, 62818, 62819, 62820, 596541, 596542, 596543, 596544, 596545, 596546, 596547, 596548, 596549, 82155, 82154, 82153, 82152, 82151, 82150, 82149, 92031, 92032, 92033, 92034, 92035, 92036, 92037, 92038, 92039, 92040, 92041, 92042, 92043, 92044, 92045, 92046] - 0.025724999999999998
[665369, 665365, 665366, 665367, 665368, 665408, 665409, 665410, 665411, 665412, 665413, 665414, 665415, 665416, 665417, 665506] - 0.011654166666666665
[716668, 716669, 716670] - 0.0015625
[512641, 512640] - 3.6363636363636364e-05
[755695, 755729, 756015, 755746, 755747, 755748, 755749, 755750, 755751, 755752] - 0.007933333333333334
[685270, 685271, 685272, 685280, 685281, 685282, 828867, 828868, 828869, 828870, 828871, 828872, 828873, 828874, 828875, 828876, 828877, 828878, 828879, 828880, 828881, 828882, 828883, 828884, 828885, 828886, 828887, 828888, 828889, 828890, 828891, 828892, 828893, 828894, 828895, 828896, 828897, 828898, 828899, 828900, 878002, 878016] - 0.024096363636363628
[346378, 346377, 346376, 346375, 346374, 350156, 350155, 350154] - 0.0022333333333333333
[630372] - 0.0
[359644, 359645, 359646] - 0.0006555555555555555
[813466, 813465, 813464, 813463, 813462, 813461, 813460, 813459, 813458] - 0.0026875
[21564, 29018, 29017, 29016, 820421, 60650, 60649, 60648, 60647, 60646, 60645, 60644, 565492, 565506] - 0.007670833333333333
[862476, 529004, 816312, 17790, 17791, 17779, 17780] - 0.009258333333333334
[219843, 219842, 219841, 219840] - 0.00030000000000000003
[226975, 226976, 226977] - 6.666666666666667e-05
[845074, 845073, 845072, 845071, 845070, 845069] - 0.0189625
[60770, 60769] - 0.0014333333333333331
[572930, 572931, 572932] - 0.0005
[816445, 564135, 725578, 725579, 725580, 725585, 710786, 725586, 715774, 816462, 882176, 882177, 882178, 921056, 563529, 563530, 816465] - 0.014483333333333332
[165965, 165964] - 0.0008
[625597, 625596, 625595, 625594, 625562, 625496, 625561, 625560, 625493, 625559] - 0.03391666666666667
[250145, 250144] - 6.666666666666667e-05
[681623, 681622, 681621, 681620, 681619, 681618, 681617, 681616, 593173, 681636, 681635, 681634, 681633, 681632, 681631, 681630] - 0.0216
[718163, 718164, 718165, 718166, 718167, 718168, 718169, 718170, 718171, 718172, 718173] - 0.0130625
[650401, 647392, 650400, 650413, 650353, 650412, 650411] - 0.00039999999999999996
[647176, 647175, 647174] - 7.500000000000001e-05
[642430, 642333] - 0.0005
[832190, 832191, 832192, 832193, 832194, 832195, 832196, 832197, 832198, 832199] - 0.003933333333333334
[721268, 721296] - 0.0002
[266497, 266498, 266499, 266500, 266501, 266502, 266503, 266504, 266505, 266506, 266507, 266508, 266509, 266510] - 0.0005875
[644292, 644293, 24079, 24080, 24081, 24082, 24083, 24084, 24085, 24086, 576778, 576779, 576780, 576781, 576782, 576750, 576751, 576752, 576753, 576754, 576755, 576756, 576757, 576758, 576759, 576760, 576761, 576762, 576763, 576764, 576765, 576766, 576767, 576768, 576769, 576770, 576771, 576772, 576773, 576774, 576775, 576776, 576777] - 0.021751818181818185
[401944, 401945] - 0.0003333333333333333
[439654, 439655, 439656, 439657, 439658, 439659, 431417, 431418, 431419, 431420, 431421] - 0.0037416666666666666
[3787, 3786] - 0.003966666666666666
[4906, 4905, 4298, 4297, 4337, 4338, 4373, 4386, 4385, 4384] - 0.012720833333333332
[634423, 634424] - 0.00010909090909090909
[367841, 374736, 374654, 374653] - 0.004
[805394, 805242, 805395, 805396, 805397, 804816, 804815, 804814, 804813, 804795, 804794] - 0.010766666666666664
[135872, 135873, 135874, 135875, 135876, 135877, 135878] - 0.0077666666666666665
[589054, 589018, 589055, 589056, 589057, 589058] - 0.006600000000000001
[685017, 685018, 685019, 685020, 685021, 685022, 84398, 84434, 84435, 561672, 561673, 561674, 561675, 575616, 575615, 575614, 575613, 575612] - 0.015418560606060606
[515190, 515191, 515192, 515193, 640120] - 0.006133333333333333
[446766] - 0.0
[378156, 368500] - 0.000625
[558438, 558437, 558436, 558435, 558434] - 0.005866666666666667
[277104, 212118, 212117] - 0.0012
[714951, 714952, 714953, 714954, 714955, 714956, 714957, 714958, 714959, 714960, 714961, 714962, 714963, 883331, 714968, 883332, 883333, 883334, 883335, 629950] - 0.0062875000000000006
[494313, 494314, 494315, 492490, 492489, 492488, 492487, 492486, 492485, 492484, 496653, 494225, 496652] - 0.011283333333333331
[550534, 550535, 699528, 699527, 699605, 699610] - 0.00685
[927953, 927952] - 0.0007624999999999999
[644004, 644003, 644002, 644001, 644000, 643999, 643998, 642753, 642754, 642755, 642756] - 0.006
[225204, 223288, 225205, 225206, 225207, 225208, 225209, 225210, 225211, 225212, 225213, 225214, 224877, 224876, 224875] - 0.004866666666666667
[9108] - 0.0
[207238] - 0.0
[324090, 324091, 324092] - 0.0007333333333333333
[148119, 148120, 148121, 148122, 148123, 148124, 148125, 148126, 148127, 148128, 148129, 148130, 148131, 151775] - 0.0084
[808442, 808441] - 0.0023333333333333335
[616770, 616769, 616768, 616767, 616766, 616855, 616854, 616839, 616871, 616872, 616873, 616874, 616875, 616876, 616877] - 0.006912500000000001
[894822, 894821, 894820, 894819, 894818, 894817, 894816, 894815] - 0.0003
[915082, 915083, 542356, 915068, 915069] - 0.0005
[115417, 115418, 115419, 115420] - 0.00030000000000000003
[151787, 151786, 151785, 142979, 137143] - 0.009251515151515151
[218839, 218838, 218837, 218836, 218835, 218834, 218833, 218832] - 0.00023750000000000003
[232721, 232722, 232723, 271781] - 0.0018
[424297, 424296, 424295, 424294, 424293, 424292] - 0.0035666666666666668
[106150, 106149, 107926, 107925, 107924, 107923, 107922, 112146, 112145, 112144, 112143] - 0.0014000000000000002
[859968, 859967, 514894, 10339, 9764, 9765, 10338, 860090, 859971, 860091, 860092, 859978, 860093, 860094, 860095, 860096, 860097, 860098, 860138] - 0.009533333333333333
[17143, 656623, 656622, 656617, 656548, 656547, 656556, 656559, 656560, 645241, 645242, 645243, 643051, 645244, 645245, 645246, 16123, 645247, 645248, 645249, 645250, 645334, 645335, 759321, 643042, 643043] - 0.020244444444444443
[554936, 554937, 554938, 554939, 554940, 554941, 554807, 554808, 554809, 554810, 554797, 554796, 554795, 554794, 554787, 554786, 930501] - 0.015643333333333335
[121294, 121295, 121296, 121297] - 0.0003666666666666666
[395975] - 0.0
[789097, 788980, 789098] - 0.0017333333333333333
[417355, 417356] - 0.00016666666666666666
[200822, 200823, 200824, 200825] - 0.00011250000000000001
[874091, 874092, 874093, 874094, 874095, 874096, 874097, 874098, 874099, 874100, 874101, 874102, 874103, 874104, 874105, 874106, 15038, 874107, 874108, 874109, 874110, 874111, 874112, 874113, 874114, 874115, 874116, 874117, 874118, 874119, 874120, 874121, 874122, 874123, 874124, 874125, 874126, 874127, 874128, 874129, 874130, 874131, 874132] - 0.032254545454545445
[724675, 724674, 724673, 724672, 724671, 724670, 724669] - 0.015433333333333335
[873173, 873174, 873175, 873176, 873177, 873178, 873179] - 0.0055875
[716556, 716557, 716558, 716559, 716560, 716561, 716562] - 0.004125
[296471, 296472, 296473, 296474, 296475] - 0.00020000000000000004
[854202, 854191, 854192, 23712, 23713, 23714, 23715, 23716, 23717, 23718, 23719, 23720, 554932, 554933, 554934, 554935, 554936, 554937, 554938, 554939, 554940, 554941, 554807, 554808, 554809, 554810, 554797, 554811, 554812] - 0.010067878787878787
[248117, 248116, 248115] - 0.0008333333333333333
[422112, 422113, 422114, 422115] - 0.000925
[174481, 174482, 174483, 174484, 174485, 167587, 174486, 174487, 174488, 174489, 174490, 174491] - 0.003
[922201, 922202, 922203, 922204, 922181, 922182, 922183, 922184, 922185, 922186, 922224, 922225] - 0.006466666666666667
[33506, 33530, 33529, 33528, 33542, 33541, 33507] - 0.00025
[323671] - 0.0
[295077, 295078, 295079, 295080, 295081, 295082] - 0.0004000000000000001
[151137, 151138, 151139] - 0.0007000000000000001
[62369, 62237, 62236, 62235, 62234] - 0.009166666666666667
[302681, 302682, 302683, 302684, 302685, 302686, 302687] - 0.00020000000000000004
[415351, 415352, 415353, 415354, 415355, 411770, 415356, 413413, 413412, 413411, 414861, 414860, 414859] - 0.006962500000000001
[547269, 547268, 547267, 547259, 547260, 547261, 547262] - 0.0030125000000000004
[635140, 635141, 635142, 635143, 635144, 635145, 635146, 635147, 635148, 635149, 635150, 635151, 635152, 635153, 635154, 635155, 635156, 635157, 635158, 635159, 635160, 635161, 635162, 635163, 635164, 635165, 635217, 635218] - 0.025525
[921924, 921923, 921922, 921921] - 0.00046666666666666666
[136795, 136794, 136793] - 0.0008333333333333333
[683594, 683593] - 0.0054666666666666665
